Models/bag_model/backpack.obj
-0.0348993 -0.308829 0.950477 0 -0.999391 0.0107846 -0.0331912 0 -8.74228e-08 -0.951056 -0.309017 0 6.36001 2.73 0 1 6.36001 2.73 0 1 1 1 288 180 272 1 1 
Models/basecharacter/funnyrock.obj
1 0 0 0 0 1 0 0 0 0 1 0 -5.61001 4.17 0 1 -5.61001 4.17 0 1 1 1 0 0 0 1 0 
Models/basecharacter/brideskull.obj
0.644564 0.151162 -7.37038 0 -7.3674 -0.245983 -0.649349 0 -0.258261 7.39442 0.129069 0 -0.09 1.73999 0 1 -0.09 1.73999 0 1 1 1 271 718 85 7.40005 0 
Models/cwire/sword.obj
1 0 0 0 0 1 0 0 0 0 1 0 0 1.2 0 1 0 1.2 0 1 1 1 0 0 0 1 0 
Models/cwire/sword.obj
1 0 0 0 0 1 0 0 0 0 1 0 0 0.57 0 1 0 0.57 0 1 1 1 0 0 0 1 0 
